%YAML:1.0
---
x_c2w: 0
y_c2w: 0.09
z_c2w: 0.065

w_Armor: 13.5
h_Armor: 5.7